The output is: 
000110001101010001000000110010
000110001101010001000000110110
000110001101010001000001110010
000110001101010001000001110110
000110001101010001000010110010
000110001101010001000010110110
000110001101010001000011110010
000110001101010001000011110110
000110001101010001000100110010
000110001101010001000100110110
000110001101010001000101110010
000110001101010001000101110110
000110001101010001000110110010
000110001101010001000110110110
000110001101010001000111110010
000110001101010001000111110110
000110001101010001100000110010
000110001101010001100000110110
000110001101010001100001110010
000110001101010001100001110110
000110001101010001100010110010
000110001101010001100010110110
000110001101010001100011110010
000110001101010001100011110110
000110001101010001100100110010
000110001101010001100100110110
000110001101010001100101110010
000110001101010001100101110110
000110001101010001100110110010
000110001101010001100110110110
000110001101010001100111110010
000110001101010001100111110110
000110001101010011000000110010
000110001101010011000000110110
000110001101010011000001110010
000110001101010011000001110110
000110001101010011000010110010
000110001101010011000010110110
000110001101010011000011110010
000110001101010011000011110110
000110001101010011000100110010
000110001101010011000100110110
000110001101010011000101110010
000110001101010011000101110110
000110001101010011000110110010
000110001101010011000110110110
000110001101010011000111110010
000110001101010011000111110110
000110001101010011100000110010
000110001101010011100000110110
000110001101010011100001110010
000110001101010011100001110110
000110001101010011100010110010
000110001101010011100010110110
000110001101010011100011110010
000110001101010011100011110110
000110001101010011100100110010
000110001101010011100100110110
000110001101010011100101110010
000110001101010011100101110110
000110001101010011100110110010
000110001101010011100110110110
000110001101010011100111110010
000110001101010011100111110110
000110001101010101000000110010
000110001101010101000000110110
000110001101010101000001110010
000110001101010101000001110110
000110001101010101000010110010
000110001101010101000010110110
000110001101010101000011110010
000110001101010101000011110110
000110001101010101000100110010
000110001101010101000100110110
000110001101010101000101110010
000110001101010101000101110110
000110001101010101000110110010
000110001101010101000110110110
000110001101010101000111110010
000110001101010101000111110110
000110001101010101100000110010
000110001101010101100000110110
000110001101010101100001110010
000110001101010101100001110110
000110001101010101100010110010
000110001101010101100010110110
000110001101010101100011110010
000110001101010101100011110110
000110001101010101100100110010
000110001101010101100100110110
000110001101010101100101110010
000110001101010101100101110110
000110001101010101100110110010
000110001101010101100110110110
000110001101010101100111110010
000110001101010101100111110110
000110001101010111000000110010
000110001101010111000000110110
000110001101010111000001110010
000110001101010111000001110110
000110001101010111000010110010
000110001101010111000010110110
000110001101010111000011110010
000110001101010111000011110110
000110001101010111000100110010
000110001101010111000100110110
000110001101010111000101110010
000110001101010111000101110110
000110001101010111000110110010
000110001101010111000110110110
000110001101010111000111110010
000110001101010111000111110110
000110001101010111100000110010
000110001101010111100000110110
000110001101010111100001110010
000110001101010111100001110110
000110001101010111100010110010
000110001101010111100010110110
000110001101010111100011110010
000110001101010111100011110110
000110001101010111100100110010
000110001101010111100100110110
000110001101010111100101110010
000110001101010111100101110110
000110001101010111100110110010
000110001101010111100110110110
000110001101010111100111110010
000110001101010111100111110110
000110011101010001000000110010
000110011101010001000000110110
000110011101010001000001110010
000110011101010001000001110110
000110011101010001000010110010
000110011101010001000010110110
000110011101010001000011110010
000110011101010001000011110110
000110011101010001000100110010
000110011101010001000100110110
000110011101010001000101110010
000110011101010001000101110110
000110011101010001000110110010
000110011101010001000110110110
000110011101010001000111110010
000110011101010001000111110110
000110011101010001100000110010
000110011101010001100000110110
000110011101010001100001110010
000110011101010001100001110110
000110011101010001100010110010
000110011101010001100010110110
000110011101010001100011110010
000110011101010001100011110110
000110011101010001100100110010
000110011101010001100100110110
000110011101010001100101110010
000110011101010001100101110110
000110011101010001100110110010
000110011101010001100110110110
000110011101010001100111110010
000110011101010001100111110110
000110011101010011000000110010
000110011101010011000000110110
000110011101010011000001110010
000110011101010011000001110110
000110011101010011000010110010
000110011101010011000010110110
000110011101010011000011110010
000110011101010011000011110110
000110011101010011000100110010
000110011101010011000100110110
000110011101010011000101110010
000110011101010011000101110110
000110011101010011000110110010
000110011101010011000110110110
000110011101010011000111110010
000110011101010011000111110110
000110011101010011100000110010
000110011101010011100000110110
000110011101010011100001110010
000110011101010011100001110110
000110011101010011100010110010
000110011101010011100010110110
000110011101010011100011110010
000110011101010011100011110110
000110011101010011100100110010
000110011101010011100100110110
000110011101010011100101110010
000110011101010011100101110110
000110011101010011100110110010
000110011101010011100110110110
000110011101010011100111110010
000110011101010011100111110110
000110011101010101000000110010
000110011101010101000000110110
000110011101010101000001110010
000110011101010101000001110110
000110011101010101000010110010
000110011101010101000010110110
000110011101010101000011110010
000110011101010101000011110110
000110011101010101000100110010
000110011101010101000100110110
000110011101010101000101110010
000110011101010101000101110110
000110011101010101000110110010
000110011101010101000110110110
000110011101010101000111110010
000110011101010101000111110110
000110011101010101100000110010
000110011101010101100000110110
000110011101010101100001110010
000110011101010101100001110110
000110011101010101100010110010
000110011101010101100010110110
000110011101010101100011110010
000110011101010101100011110110
000110011101010101100100110010
000110011101010101100100110110
000110011101010101100101110010
000110011101010101100101110110
000110011101010101100110110010
000110011101010101100110110110
000110011101010101100111110010
000110011101010101100111110110
000110011101010111000000110010
000110011101010111000000110110
000110011101010111000001110010
000110011101010111000001110110
000110011101010111000010110010
000110011101010111000010110110
000110011101010111000011110010
000110011101010111000011110110
000110011101010111000100110010
000110011101010111000100110110
000110011101010111000101110010
000110011101010111000101110110
000110011101010111000110110010
000110011101010111000110110110
000110011101010111000111110010
000110011101010111000111110110
000110011101010111100000110010
000110011101010111100000110110
000110011101010111100001110010
000110011101010111100001110110
000110011101010111100010110010
000110011101010111100010110110
000110011101010111100011110010
000110011101010111100011110110
000110011101010111100100110010
000110011101010111100100110110
000110011101010111100101110010
000110011101010111100101110110
000110011101010111100110110010
000110011101010111100110110110
000110011101010111100111110010
000110011101010111100111110110
000110101101010001000000110010
000110101101010001000000110110
000110101101010001000001110010
000110101101010001000001110110
000110101101010001000010110010
000110101101010001000010110110
000110101101010001000011110010
000110101101010001000011110110
000110101101010001000100110010
000110101101010001000100110110
000110101101010001000101110010
000110101101010001000101110110
000110101101010001000110110010
000110101101010001000110110110
000110101101010001000111110010
000110101101010001000111110110
000110101101010001100000110010
000110101101010001100000110110
000110101101010001100001110010
000110101101010001100001110110
000110101101010001100010110010
000110101101010001100010110110
000110101101010001100011110010
000110101101010001100011110110
000110101101010001100100110010
000110101101010001100100110110
000110101101010001100101110010
000110101101010001100101110110
000110101101010001100110110010
000110101101010001100110110110
000110101101010001100111110010
000110101101010001100111110110
000110101101010011000000110010
000110101101010011000000110110
000110101101010011000001110010
000110101101010011000001110110
000110101101010011000010110010
000110101101010011000010110110
000110101101010011000011110010
000110101101010011000011110110
000110101101010011000100110010
000110101101010011000100110110
000110101101010011000101110010
000110101101010011000101110110
000110101101010011000110110010
000110101101010011000110110110
000110101101010011000111110010
000110101101010011000111110110
000110101101010011100000110010
000110101101010011100000110110
000110101101010011100001110010
000110101101010011100001110110
000110101101010011100010110010
000110101101010011100010110110
000110101101010011100011110010
000110101101010011100011110110
000110101101010011100100110010
000110101101010011100100110110
000110101101010011100101110010
000110101101010011100101110110
000110101101010011100110110010
000110101101010011100110110110
000110101101010011100111110010
000110101101010011100111110110
000110101101010101000000110010
000110101101010101000000110110
000110101101010101000001110010
000110101101010101000001110110
000110101101010101000010110010
000110101101010101000010110110
000110101101010101000011110010
000110101101010101000011110110
000110101101010101000100110010
000110101101010101000100110110
000110101101010101000101110010
000110101101010101000101110110
000110101101010101000110110010
000110101101010101000110110110
000110101101010101000111110010
000110101101010101000111110110
000110101101010101100000110010
000110101101010101100000110110
000110101101010101100001110010
000110101101010101100001110110
000110101101010101100010110010
000110101101010101100010110110
000110101101010101100011110010
000110101101010101100011110110
000110101101010101100100110010
000110101101010101100100110110
000110101101010101100101110010
000110101101010101100101110110
000110101101010101100110110010
000110101101010101100110110110
000110101101010101100111110010
000110101101010101100111110110
000110101101010111000000110010
000110101101010111000000110110
000110101101010111000001110010
000110101101010111000001110110
000110101101010111000010110010
000110101101010111000010110110
000110101101010111000011110010
000110101101010111000011110110
000110101101010111000100110010
000110101101010111000100110110
000110101101010111000101110010
000110101101010111000101110110
000110101101010111000110110010
000110101101010111000110110110
000110101101010111000111110010
000110101101010111000111110110
000110101101010111100000110010
000110101101010111100000110110
000110101101010111100001110010
000110101101010111100001110110
000110101101010111100010110010
000110101101010111100010110110
000110101101010111100011110010
000110101101010111100011110110
000110101101010111100100110010
000110101101010111100100110110
000110101101010111100101110010
000110101101010111100101110110
000110101101010111100110110010
000110101101010111100110110110
000110101101010111100111110010
000110101101010111100111110110
000110111101010001000000110010
000110111101010001000000110110
000110111101010001000001110010
000110111101010001000001110110
000110111101010001000010110010
000110111101010001000010110110
000110111101010001000011110010
000110111101010001000011110110
000110111101010001000100110010
000110111101010001000100110110
000110111101010001000101110010
000110111101010001000101110110
000110111101010001000110110010
000110111101010001000110110110
000110111101010001000111110010
000110111101010001000111110110
000110111101010001100000110010
000110111101010001100000110110
000110111101010001100001110010
000110111101010001100001110110
000110111101010001100010110010
000110111101010001100010110110
000110111101010001100011110010
000110111101010001100011110110
000110111101010001100100110010
000110111101010001100100110110
000110111101010001100101110010
000110111101010001100101110110
000110111101010001100110110010
000110111101010001100110110110
000110111101010001100111110010
000110111101010001100111110110
000110111101010011000000110010
000110111101010011000000110110
000110111101010011000001110010
000110111101010011000001110110
000110111101010011000010110010
000110111101010011000010110110
000110111101010011000011110010
000110111101010011000011110110
000110111101010011000100110010
000110111101010011000100110110
000110111101010011000101110010
000110111101010011000101110110
000110111101010011000110110010
000110111101010011000110110110
000110111101010011000111110010
000110111101010011000111110110
000110111101010011100000110010
000110111101010011100000110110
000110111101010011100001110010
000110111101010011100001110110
000110111101010011100010110010
000110111101010011100010110110
000110111101010011100011110010
000110111101010011100011110110
000110111101010011100100110010
000110111101010011100100110110
000110111101010011100101110010
000110111101010011100101110110
000110111101010011100110110010
000110111101010011100110110110
000110111101010011100111110010
000110111101010011100111110110
000110111101010101000000110010
000110111101010101000000110110
000110111101010101000001110010
000110111101010101000001110110
000110111101010101000010110010
000110111101010101000010110110
000110111101010101000011110010
000110111101010101000011110110
000110111101010101000100110010
000110111101010101000100110110
000110111101010101000101110010
000110111101010101000101110110
000110111101010101000110110010
000110111101010101000110110110
000110111101010101000111110010
000110111101010101000111110110
000110111101010101100000110010
000110111101010101100000110110
000110111101010101100001110010
000110111101010101100001110110
000110111101010101100010110010
000110111101010101100010110110
000110111101010101100011110010
000110111101010101100011110110
000110111101010101100100110010
000110111101010101100100110110
000110111101010101100101110010
000110111101010101100101110110
000110111101010101100110110010
000110111101010101100110110110
000110111101010101100111110010
000110111101010101100111110110
000110111101010111000000110010
000110111101010111000000110110
000110111101010111000001110010
000110111101010111000001110110
000110111101010111000010110010
000110111101010111000010110110
000110111101010111000011110010
000110111101010111000011110110
000110111101010111000100110010
000110111101010111000100110110
000110111101010111000101110010
000110111101010111000101110110
000110111101010111000110110010
000110111101010111000110110110
000110111101010111000111110010
000110111101010111000111110110
000110111101010111100000110010
000110111101010111100000110110
000110111101010111100001110010
000110111101010111100001110110
000110111101010111100010110010
000110111101010111100010110110
000110111101010111100011110010
000110111101010111100011110110
000110111101010111100100110010
000110111101010111100100110110
000110111101010111100101110010
000110111101010111100101110110
000110111101010111100110110010
000110111101010111100110110110
000110111101010111100111110010
000110111101010111100111110110
100110001101010001000000110010
100110001101010001000000110110
100110001101010001000001110010
100110001101010001000001110110
100110001101010001000010110010
100110001101010001000010110110
100110001101010001000011110010
100110001101010001000011110110
100110001101010001000100110010
100110001101010001000100110110
100110001101010001000101110010
100110001101010001000101110110
100110001101010001000110110010
100110001101010001000110110110
100110001101010001000111110010
100110001101010001000111110110
100110001101010001100000110010
100110001101010001100000110110
100110001101010001100001110010
100110001101010001100001110110
100110001101010001100010110010
100110001101010001100010110110
100110001101010001100011110010
100110001101010001100011110110
100110001101010001100100110010
100110001101010001100100110110
100110001101010001100101110010
100110001101010001100101110110
100110001101010001100110110010
100110001101010001100110110110
100110001101010001100111110010
100110001101010001100111110110
100110001101010011000000110010
100110001101010011000000110110
100110001101010011000001110010
100110001101010011000001110110
100110001101010011000010110010
100110001101010011000010110110
100110001101010011000011110010
100110001101010011000011110110
100110001101010011000100110010
100110001101010011000100110110
100110001101010011000101110010
100110001101010011000101110110
100110001101010011000110110010
100110001101010011000110110110
100110001101010011000111110010
100110001101010011000111110110
100110001101010011100000110010
100110001101010011100000110110
100110001101010011100001110010
100110001101010011100001110110
100110001101010011100010110010
100110001101010011100010110110
100110001101010011100011110010
100110001101010011100011110110
100110001101010011100100110010
100110001101010011100100110110
100110001101010011100101110010
100110001101010011100101110110
100110001101010011100110110010
100110001101010011100110110110
100110001101010011100111110010
100110001101010011100111110110
100110001101010101000000110010
100110001101010101000000110110
100110001101010101000001110010
100110001101010101000001110110
100110001101010101000010110010
100110001101010101000010110110
100110001101010101000011110010
100110001101010101000011110110
100110001101010101000100110010
100110001101010101000100110110
100110001101010101000101110010
100110001101010101000101110110
100110001101010101000110110010
100110001101010101000110110110
100110001101010101000111110010
100110001101010101000111110110
100110001101010101100000110010
100110001101010101100000110110
100110001101010101100001110010
100110001101010101100001110110
100110001101010101100010110010
100110001101010101100010110110
100110001101010101100011110010
100110001101010101100011110110
100110001101010101100100110010
100110001101010101100100110110
100110001101010101100101110010
100110001101010101100101110110
100110001101010101100110110010
100110001101010101100110110110
100110001101010101100111110010
100110001101010101100111110110
100110001101010111000000110010
100110001101010111000000110110
100110001101010111000001110010
100110001101010111000001110110
100110001101010111000010110010
100110001101010111000010110110
100110001101010111000011110010
100110001101010111000011110110
100110001101010111000100110010
100110001101010111000100110110
100110001101010111000101110010
100110001101010111000101110110
100110001101010111000110110010
100110001101010111000110110110
100110001101010111000111110010
100110001101010111000111110110
100110001101010111100000110010
100110001101010111100000110110
100110001101010111100001110010
100110001101010111100001110110
100110001101010111100010110010
100110001101010111100010110110
100110001101010111100011110010
100110001101010111100011110110
100110001101010111100100110010
100110001101010111100100110110
100110001101010111100101110010
100110001101010111100101110110
100110001101010111100110110010
100110001101010111100110110110
100110001101010111100111110010
100110001101010111100111110110
100110011101010001000000110010
100110011101010001000000110110
100110011101010001000001110010
100110011101010001000001110110
100110011101010001000010110010
100110011101010001000010110110
100110011101010001000011110010
100110011101010001000011110110
100110011101010001000100110010
100110011101010001000100110110
100110011101010001000101110010
100110011101010001000101110110
100110011101010001000110110010
100110011101010001000110110110
100110011101010001000111110010
100110011101010001000111110110
100110011101010001100000110010
100110011101010001100000110110
100110011101010001100001110010
100110011101010001100001110110
100110011101010001100010110010
100110011101010001100010110110
100110011101010001100011110010
100110011101010001100011110110
100110011101010001100100110010
100110011101010001100100110110
100110011101010001100101110010
100110011101010001100101110110
100110011101010001100110110010
100110011101010001100110110110
100110011101010001100111110010
100110011101010001100111110110
100110011101010011000000110010
100110011101010011000000110110
100110011101010011000001110010
100110011101010011000001110110
100110011101010011000010110010
100110011101010011000010110110
100110011101010011000011110010
100110011101010011000011110110
100110011101010011000100110010
100110011101010011000100110110
100110011101010011000101110010
100110011101010011000101110110
100110011101010011000110110010
100110011101010011000110110110
100110011101010011000111110010
100110011101010011000111110110
100110011101010011100000110010
100110011101010011100000110110
100110011101010011100001110010
100110011101010011100001110110
100110011101010011100010110010
100110011101010011100010110110
100110011101010011100011110010
100110011101010011100011110110
100110011101010011100100110010
100110011101010011100100110110
100110011101010011100101110010
100110011101010011100101110110
100110011101010011100110110010
100110011101010011100110110110
100110011101010011100111110010
100110011101010011100111110110
100110011101010101000000110010
100110011101010101000000110110
100110011101010101000001110010
100110011101010101000001110110
100110011101010101000010110010
100110011101010101000010110110
100110011101010101000011110010
100110011101010101000011110110
100110011101010101000100110010
100110011101010101000100110110
100110011101010101000101110010
100110011101010101000101110110
100110011101010101000110110010
100110011101010101000110110110
100110011101010101000111110010
100110011101010101000111110110
100110011101010101100000110010
100110011101010101100000110110
100110011101010101100001110010
100110011101010101100001110110
100110011101010101100010110010
100110011101010101100010110110
100110011101010101100011110010
100110011101010101100011110110
100110011101010101100100110010
100110011101010101100100110110
100110011101010101100101110010
100110011101010101100101110110
100110011101010101100110110010
100110011101010101100110110110
100110011101010101100111110010
100110011101010101100111110110
100110011101010111000000110010
100110011101010111000000110110
100110011101010111000001110010
100110011101010111000001110110
100110011101010111000010110010
100110011101010111000010110110
100110011101010111000011110010
100110011101010111000011110110
100110011101010111000100110010
100110011101010111000100110110
100110011101010111000101110010
100110011101010111000101110110
100110011101010111000110110010
100110011101010111000110110110
100110011101010111000111110010
100110011101010111000111110110
100110011101010111100000110010
100110011101010111100000110110
100110011101010111100001110010
100110011101010111100001110110
100110011101010111100010110010
100110011101010111100010110110
100110011101010111100011110010
100110011101010111100011110110
100110011101010111100100110010
100110011101010111100100110110
100110011101010111100101110010
100110011101010111100101110110
100110011101010111100110110010
100110011101010111100110110110
100110011101010111100111110010
100110011101010111100111110110
100110101101010001000000110010
100110101101010001000000110110
100110101101010001000001110010
100110101101010001000001110110
100110101101010001000010110010
100110101101010001000010110110
100110101101010001000011110010
100110101101010001000011110110
100110101101010001000100110010
100110101101010001000100110110
100110101101010001000101110010
100110101101010001000101110110
100110101101010001000110110010
100110101101010001000110110110
100110101101010001000111110010
100110101101010001000111110110
100110101101010001100000110010
100110101101010001100000110110
100110101101010001100001110010
100110101101010001100001110110
100110101101010001100010110010
100110101101010001100010110110
100110101101010001100011110010
100110101101010001100011110110
100110101101010001100100110010
100110101101010001100100110110
100110101101010001100101110010
100110101101010001100101110110
100110101101010001100110110010
100110101101010001100110110110
100110101101010001100111110010
100110101101010001100111110110
100110101101010011000000110010
100110101101010011000000110110
100110101101010011000001110010
100110101101010011000001110110
100110101101010011000010110010
100110101101010011000010110110
100110101101010011000011110010
100110101101010011000011110110
100110101101010011000100110010
100110101101010011000100110110
100110101101010011000101110010
100110101101010011000101110110
100110101101010011000110110010
100110101101010011000110110110
100110101101010011000111110010
100110101101010011000111110110
100110101101010011100000110010
100110101101010011100000110110
100110101101010011100001110010
100110101101010011100001110110
100110101101010011100010110010
100110101101010011100010110110
100110101101010011100011110010
100110101101010011100011110110
100110101101010011100100110010
100110101101010011100100110110
100110101101010011100101110010
100110101101010011100101110110
100110101101010011100110110010
100110101101010011100110110110
100110101101010011100111110010
100110101101010011100111110110
100110101101010101000000110010
100110101101010101000000110110
100110101101010101000001110010
100110101101010101000001110110
100110101101010101000010110010
100110101101010101000010110110
100110101101010101000011110010
100110101101010101000011110110
100110101101010101000100110010
100110101101010101000100110110
100110101101010101000101110010
100110101101010101000101110110
100110101101010101000110110010
100110101101010101000110110110
100110101101010101000111110010
100110101101010101000111110110
100110101101010101100000110010
100110101101010101100000110110
100110101101010101100001110010
100110101101010101100001110110
100110101101010101100010110010
100110101101010101100010110110
100110101101010101100011110010
100110101101010101100011110110
100110101101010101100100110010
100110101101010101100100110110
100110101101010101100101110010
100110101101010101100101110110
100110101101010101100110110010
100110101101010101100110110110
100110101101010101100111110010
100110101101010101100111110110
100110101101010111000000110010
100110101101010111000000110110
100110101101010111000001110010
100110101101010111000001110110
100110101101010111000010110010
100110101101010111000010110110
100110101101010111000011110010
100110101101010111000011110110
100110101101010111000100110010
100110101101010111000100110110
100110101101010111000101110010
100110101101010111000101110110
100110101101010111000110110010
100110101101010111000110110110
100110101101010111000111110010
100110101101010111000111110110
100110101101010111100000110010
100110101101010111100000110110
100110101101010111100001110010
100110101101010111100001110110
100110101101010111100010110010
100110101101010111100010110110
100110101101010111100011110010
100110101101010111100011110110
100110101101010111100100110010
100110101101010111100100110110
100110101101010111100101110010
100110101101010111100101110110
100110101101010111100110110010
100110101101010111100110110110
100110101101010111100111110010
100110101101010111100111110110
100110111101010001000000110010
100110111101010001000000110110
100110111101010001000001110010
100110111101010001000001110110
100110111101010001000010110010
100110111101010001000010110110
100110111101010001000011110010
100110111101010001000011110110
100110111101010001000100110010
100110111101010001000100110110
100110111101010001000101110010
100110111101010001000101110110
100110111101010001000110110010
100110111101010001000110110110
100110111101010001000111110010
100110111101010001000111110110
100110111101010001100000110010
100110111101010001100000110110
100110111101010001100001110010
100110111101010001100001110110
100110111101010001100010110010
100110111101010001100010110110
100110111101010001100011110010
100110111101010001100011110110
100110111101010001100100110010
100110111101010001100100110110
100110111101010001100101110010
100110111101010001100101110110
100110111101010001100110110010
100110111101010001100110110110
100110111101010001100111110010
100110111101010001100111110110
100110111101010011000000110010
100110111101010011000000110110
100110111101010011000001110010
100110111101010011000001110110
100110111101010011000010110010
100110111101010011000010110110
100110111101010011000011110010
100110111101010011000011110110
100110111101010011000100110010
100110111101010011000100110110
100110111101010011000101110010
100110111101010011000101110110
100110111101010011000110110010
100110111101010011000110110110
100110111101010011000111110010
100110111101010011000111110110
100110111101010011100000110010
100110111101010011100000110110
100110111101010011100001110010
100110111101010011100001110110
100110111101010011100010110010
100110111101010011100010110110
100110111101010011100011110010
100110111101010011100011110110
100110111101010011100100110010
100110111101010011100100110110
100110111101010011100101110010
100110111101010011100101110110
100110111101010011100110110010
100110111101010011100110110110
100110111101010011100111110010
100110111101010011100111110110
100110111101010101000000110010
100110111101010101000000110110
100110111101010101000001110010
100110111101010101000001110110
100110111101010101000010110010
100110111101010101000010110110
100110111101010101000011110010
100110111101010101000011110110
100110111101010101000100110010
100110111101010101000100110110
100110111101010101000101110010
100110111101010101000101110110
100110111101010101000110110010
100110111101010101000110110110
100110111101010101000111110010
100110111101010101000111110110
100110111101010101100000110010
100110111101010101100000110110
100110111101010101100001110010
100110111101010101100001110110
100110111101010101100010110010
100110111101010101100010110110
100110111101010101100011110010
100110111101010101100011110110
100110111101010101100100110010
100110111101010101100100110110
100110111101010101100101110010
100110111101010101100101110110
100110111101010101100110110010
100110111101010101100110110110
100110111101010101100111110010
100110111101010101100111110110
100110111101010111000000110010
100110111101010111000000110110
100110111101010111000001110010
100110111101010111000001110110
100110111101010111000010110010
100110111101010111000010110110
100110111101010111000011110010
100110111101010111000011110110
100110111101010111000100110010
100110111101010111000100110110
100110111101010111000101110010
100110111101010111000101110110
100110111101010111000110110010
100110111101010111000110110110
100110111101010111000111110010
100110111101010111000111110110
100110111101010111100000110010
100110111101010111100000110110
100110111101010111100001110010
100110111101010111100001110110
100110111101010111100010110010
100110111101010111100010110110
100110111101010111100011110010
100110111101010111100011110110
100110111101010111100100110010
100110111101010111100100110110
100110111101010111100101110010
100110111101010111100101110110
100110111101010111100110110010
100110111101010111100110110110
100110111101010111100111110010
100110111101010111100111110110
---------------------------------
The run time is: 14177612 nanoseconds
