The output is: 
100101111001101110101110000110
100101111001101110101110000111
100101111001101110101110100110
100101111001101110101110100111
100101111001101111101110000110
100101111001101111101110000111
100101111001101111101110100110
100101111001101111101110100111
100101111011101110101110000110
100101111011101110101110000111
100101111011101110101110100110
100101111011101110101110100111
100101111011101111101110000110
100101111011101111101110000111
100101111011101111101110100110
100101111011101111101110100111
101101111001101110101110000110
101101111001101110101110000111
101101111001101110101110100110
101101111001101110101110100111
101101111001101111101110000110
101101111001101111101110000111
101101111001101111101110100110
101101111001101111101110100111
101101111011101110101110000110
101101111011101110101110000111
101101111011101110101110100110
101101111011101110101110100111
101101111011101111101110000110
101101111011101111101110000111
101101111011101111101110100110
101101111011101111101110100111
110101111001101110101110000110
110101111001101110101110000111
110101111001101110101110100110
110101111001101110101110100111
110101111001101111101110000110
110101111001101111101110000111
110101111001101111101110100110
110101111001101111101110100111
110101111011101110101110000110
110101111011101110101110000111
110101111011101110101110100110
110101111011101110101110100111
110101111011101111101110000110
110101111011101111101110000111
110101111011101111101110100110
110101111011101111101110100111
111101111001101110101110000110
111101111001101110101110000111
111101111001101110101110100110
111101111001101110101110100111
111101111001101111101110000110
111101111001101111101110000111
111101111001101111101110100110
111101111001101111101110100111
111101111011101110101110000110
111101111011101110101110000111
111101111011101110101110100110
111101111011101110101110100111
111101111011101111101110000110
111101111011101111101110000111
111101111011101111101110100110
111101111011101111101110100111
---------------------------------
The run time is: 1623880 nanoseconds
