The output is: 
111001000000101010111001011100
111001000000101010111001011110
111001000000101010111001111100
111001000000101010111001111110
111001000000111010111001011100
111001000000111010111001011110
111001000000111010111001111100
111001000000111010111001111110
111001000001101010111001011100
111001000001101010111001011110
111001000001101010111001111100
111001000001101010111001111110
111001000001111010111001011100
111001000001111010111001011110
111001000001111010111001111100
111001000001111010111001111110
111001001000101010111001011100
111001001000101010111001011110
111001001000101010111001111100
111001001000101010111001111110
111001001000111010111001011100
111001001000111010111001011110
111001001000111010111001111100
111001001000111010111001111110
111001001001101010111001011100
111001001001101010111001011110
111001001001101010111001111100
111001001001101010111001111110
111001001001111010111001011100
111001001001111010111001011110
111001001001111010111001111100
111001001001111010111001111110
111001010000101010111001011100
111001010000101010111001011110
111001010000101010111001111100
111001010000101010111001111110
111001010000111010111001011100
111001010000111010111001011110
111001010000111010111001111100
111001010000111010111001111110
111001010001101010111001011100
111001010001101010111001011110
111001010001101010111001111100
111001010001101010111001111110
111001010001111010111001011100
111001010001111010111001011110
111001010001111010111001111100
111001010001111010111001111110
111001011000101010111001011100
111001011000101010111001011110
111001011000101010111001111100
111001011000101010111001111110
111001011000111010111001011100
111001011000111010111001011110
111001011000111010111001111100
111001011000111010111001111110
111001011001101010111001011100
111001011001101010111001011110
111001011001101010111001111100
111001011001101010111001111110
111001011001111010111001011100
111001011001111010111001011110
111001011001111010111001111100
111001011001111010111001111110
111011000000101010111001011100
111011000000101010111001011110
111011000000101010111001111100
111011000000101010111001111110
111011000000111010111001011100
111011000000111010111001011110
111011000000111010111001111100
111011000000111010111001111110
111011000001101010111001011100
111011000001101010111001011110
111011000001101010111001111100
111011000001101010111001111110
111011000001111010111001011100
111011000001111010111001011110
111011000001111010111001111100
111011000001111010111001111110
111011001000101010111001011100
111011001000101010111001011110
111011001000101010111001111100
111011001000101010111001111110
111011001000111010111001011100
111011001000111010111001011110
111011001000111010111001111100
111011001000111010111001111110
111011001001101010111001011100
111011001001101010111001011110
111011001001101010111001111100
111011001001101010111001111110
111011001001111010111001011100
111011001001111010111001011110
111011001001111010111001111100
111011001001111010111001111110
111011010000101010111001011100
111011010000101010111001011110
111011010000101010111001111100
111011010000101010111001111110
111011010000111010111001011100
111011010000111010111001011110
111011010000111010111001111100
111011010000111010111001111110
111011010001101010111001011100
111011010001101010111001011110
111011010001101010111001111100
111011010001101010111001111110
111011010001111010111001011100
111011010001111010111001011110
111011010001111010111001111100
111011010001111010111001111110
111011011000101010111001011100
111011011000101010111001011110
111011011000101010111001111100
111011011000101010111001111110
111011011000111010111001011100
111011011000111010111001011110
111011011000111010111001111100
111011011000111010111001111110
111011011001101010111001011100
111011011001101010111001011110
111011011001101010111001111100
111011011001101010111001111110
111011011001111010111001011100
111011011001111010111001011110
111011011001111010111001111100
111011011001111010111001111110
111101000000101010111001011100
111101000000101010111001011110
111101000000101010111001111100
111101000000101010111001111110
111101000000111010111001011100
111101000000111010111001011110
111101000000111010111001111100
111101000000111010111001111110
111101000001101010111001011100
111101000001101010111001011110
111101000001101010111001111100
111101000001101010111001111110
111101000001111010111001011100
111101000001111010111001011110
111101000001111010111001111100
111101000001111010111001111110
111101001000101010111001011100
111101001000101010111001011110
111101001000101010111001111100
111101001000101010111001111110
111101001000111010111001011100
111101001000111010111001011110
111101001000111010111001111100
111101001000111010111001111110
111101001001101010111001011100
111101001001101010111001011110
111101001001101010111001111100
111101001001101010111001111110
111101001001111010111001011100
111101001001111010111001011110
111101001001111010111001111100
111101001001111010111001111110
111101010000101010111001011100
111101010000101010111001011110
111101010000101010111001111100
111101010000101010111001111110
111101010000111010111001011100
111101010000111010111001011110
111101010000111010111001111100
111101010000111010111001111110
111101010001101010111001011100
111101010001101010111001011110
111101010001101010111001111100
111101010001101010111001111110
111101010001111010111001011100
111101010001111010111001011110
111101010001111010111001111100
111101010001111010111001111110
111101011000101010111001011100
111101011000101010111001011110
111101011000101010111001111100
111101011000101010111001111110
111101011000111010111001011100
111101011000111010111001011110
111101011000111010111001111100
111101011000111010111001111110
111101011001101010111001011100
111101011001101010111001011110
111101011001101010111001111100
111101011001101010111001111110
111101011001111010111001011100
111101011001111010111001011110
111101011001111010111001111100
111101011001111010111001111110
111111000000101010111001011100
111111000000101010111001011110
111111000000101010111001111100
111111000000101010111001111110
111111000000111010111001011100
111111000000111010111001011110
111111000000111010111001111100
111111000000111010111001111110
111111000001101010111001011100
111111000001101010111001011110
111111000001101010111001111100
111111000001101010111001111110
111111000001111010111001011100
111111000001111010111001011110
111111000001111010111001111100
111111000001111010111001111110
111111001000101010111001011100
111111001000101010111001011110
111111001000101010111001111100
111111001000101010111001111110
111111001000111010111001011100
111111001000111010111001011110
111111001000111010111001111100
111111001000111010111001111110
111111001001101010111001011100
111111001001101010111001011110
111111001001101010111001111100
111111001001101010111001111110
111111001001111010111001011100
111111001001111010111001011110
111111001001111010111001111100
111111001001111010111001111110
111111010000101010111001011100
111111010000101010111001011110
111111010000101010111001111100
111111010000101010111001111110
111111010000111010111001011100
111111010000111010111001011110
111111010000111010111001111100
111111010000111010111001111110
111111010001101010111001011100
111111010001101010111001011110
111111010001101010111001111100
111111010001101010111001111110
111111010001111010111001011100
111111010001111010111001011110
111111010001111010111001111100
111111010001111010111001111110
111111011000101010111001011100
111111011000101010111001011110
111111011000101010111001111100
111111011000101010111001111110
111111011000111010111001011100
111111011000111010111001011110
111111011000111010111001111100
111111011000111010111001111110
111111011001101010111001011100
111111011001101010111001011110
111111011001101010111001111100
111111011001101010111001111110
111111011001111010111001011100
111111011001111010111001011110
111111011001111010111001111100
111111011001111010111001111110
---------------------------------
The run time is: 5854356 nanoseconds
